46 -100 36 -3 
88 -63 81 57 
99 -82 -6 62 
-17 25 -62 1 

-57 87 -96 6 35 
-57 -88 51 75 -50 
71 90 -66 29 16 
-31 45 -32 83 51 
-61 5 -78 -4 12 

89 -46 -35 20 -63 -62 
34 -34 -13 -100 69 -69 
-43 -33 -74 40 40 1 
60 88 -47 42 -75 -84 
-75 32 -43 -97 60 -92 
-77 -72 -29 -17 93 -39 

68 -52 -22 8 -46 41 26 
78 -86 -19 65 -5 64 -65 
44 42 7 49 -79 -84 56 
0 68 88 16 -4 -6 61 
1 93 27 95 -19 -87 -52 
-98 21 88 53 38 11 69 
31 -7 87 100 86 73 -91 

-52 -13 8 -95 65 29 -82 91 
-76 16 -30 4 78 15 -4 -93 
2 9 -23 61 31 14 53 -13 
71 34 56 68 -57 -24 67 -75 
-28 -63 -99 -21 -96 85 -39 -68 
-10 98 17 66 34 5 -29 68 
69 21 38 26 54 -53 -37 -65 
58 -41 33 -88 -86 21 30 -61 

-59 -26 -27 -80 -34 59 -10 4 -2 
-79 -24 -38 -32 -18 49 18 76 -40 
37 -31 17 -66 -76 54 47 94 37 
-97 -17 56 -12 -54 87 -98 -43 42 
-59 57 11 -48 98 -41 72 0 -40 
-68 -30 -51 97 92 -87 74 22 10 
-55 61 -90 -52 -93 -14 -9 -32 69 
-37 -86 -77 4 75 81 85 -23 87 
52 80 57 32 22 -55 69 92 23 

54 -3 11 -76 24 10 -83 36 -87 20 
-37 96 -89 4 52 -54 31 -90 69 -2 
16 5 -62 -25 28 -89 73 41 -91 76 
-64 80 32 62 -41 12 73 -28 -36 -8 
96 15 -45 -95 7 80 -10 -100 -26 88 
4 -12 -39 90 5 61 99 87 -34 -2 
93 -91 -7 6 -72 26 -34 98 53 -84 
-52 -87 9 -50 24 -59 -4 49 93 35 
-46 42 -45 -93 48 91 -90 63 -97 -31 
19 45 -76 49 79 -94 -33 40 -36 -10 

